# SPDX-License-Identifier: Apache-2.0
# Copyright (C) 2025 Intel Corporation
kinematics:
  shoulder:
    x: 0
    y: 0
    z: 0.16252251757395406
    roll: -0
    pitch: 0
    yaw: 5.749731871163271e-08
  upper_arm:
    x: 9.2174336482308246e-05
    y: 0
    z: 0
    roll: 1.5712323405807445
    pitch: 0
    yaw: -1.9594708814053173e-06
  forearm:
    x: -0.42528169832707952
    y: 0
    z: 0
    roll: 3.1400467193763331
    pitch: 3.1411791431199836
    yaw: -3.1415833601193044
  wrist_1:
    x: -0.39298068197744718
    y: -0.00044985227972648768
    z: 0.1332066486338106
    roll: 0.0033770879621402776
    pitch: -0.0034150075624976486
    yaw: 5.0523956039319653e-06
  wrist_2:
    x: 8.9313730700551932e-06
    y: -0.099724301370600343
    z: 6.4269779442184153e-05
    roll: 1.570151852282057
    pitch: 0
    yaw: -1.6612839713356191e-06
  wrist_3:
    x: -9.1299176606959567e-06
    y: 0.099465493865987395
    z: 9.1360156935375576e-05
    roll: 1.5717148376039425
    pitch: 3.1415926535897931
    yaw: -3.1415921491317378
  hash: calib_14865906556029693162